0 47.45 52.45
0 47.45 52.5
254 47.5 52.45
0 47.5 52.5
254 47.550000000000004 52.400000000000006
254 47.550000000000004 52.45
0 47.550000000000004 52.5
254 47.6 52.400000000000006
254 47.6 52.45
0 47.6 52.5
0 47.6 52.550000000000004
254 47.650000000000006 52.400000000000006
254 47.650000000000006 52.45
254 47.650000000000006 52.5
254 47.650000000000006 52.550000000000004
0 47.650000000000006 52.6
254 47.7 52.35
254 47.7 52.400000000000006
254 47.7 52.45
254 47.7 52.5
254 47.7 52.6
254 47.75 52.35
254 47.75 52.400000000000006
254 47.75 52.45
254 47.75 52.5
254 47.75 52.550000000000004
254 47.800000000000004 52.35
254 47.800000000000004 52.400000000000006
254 47.800000000000004 52.45
254 47.800000000000004 52.550000000000004
254 47.85 52.300000000000004
254 47.85 52.35
254 47.85 52.400000000000006
254 47.85 52.45
254 47.85 52.5
254 47.900000000000006 52.300000000000004
254 47.900000000000006 52.35
254 47.900000000000006 52.400000000000006
254 47.900000000000006 52.45
254 47.900000000000006 52.5
254 47.95 52.300000000000004
254 47.95 52.35
254 47.95 52.400000000000006
254 47.95 52.5
254 48.0 52.25
254 48.0 52.300000000000004
254 48.0 52.35
254 48.0 52.400000000000006
254 48.0 52.45
254 48.050000000000004 52.25
254 48.050000000000004 52.300000000000004
254 48.050000000000004 52.35
254 48.050000000000004 52.400000000000006
254 48.050000000000004 52.45
254 48.1 52.25
254 48.1 52.300000000000004
254 48.1 52.35
254 48.1 52.400000000000006
254 48.150000000000006 52.2
254 48.150000000000006 52.25
254 48.150000000000006 52.300000000000004
254 48.150000000000006 52.35
254 48.150000000000006 52.400000000000006
254 48.2 52.2
254 48.2 52.25
254 48.2 52.300000000000004
254 48.2 52.400000000000006
254 48.25 52.2
254 48.25 52.25
254 48.25 52.300000000000004
254 48.25 52.35
254 48.300000000000004 52.150000000000006
254 48.300000000000004 52.2
254 48.300000000000004 52.25
254 48.300000000000004 52.300000000000004
254 48.300000000000004 52.35
0 48.300000000000004 52.45
0 48.300000000000004 52.5
0 48.300000000000004 52.550000000000004
0 48.300000000000004 52.6
0 48.300000000000004 52.650000000000006
0 48.300000000000004 52.7
254 48.35 52.150000000000006
254 48.35 52.2
254 48.35 52.25
254 48.35 52.300000000000004
254 48.35 52.45
254 48.35 52.5
254 48.35 52.550000000000004
254 48.35 52.6
254 48.35 52.650000000000006
0 48.35 52.7
0 48.35 52.75
0 48.400000000000006 51.900000000000006
0 48.400000000000006 51.95
0 48.400000000000006 52.0
0 48.400000000000006 52.050000000000004
0 48.400000000000006 52.1
254 48.400000000000006 52.150000000000006
254 48.400000000000006 52.2
254 48.400000000000006 52.25
254 48.400000000000006 52.300000000000004
254 48.400000000000006 52.400000000000006
254 48.400000000000006 52.45
254 48.400000000000006 52.5
254 48.400000000000006 52.550000000000004
254 48.400000000000006 52.6
254 48.400000000000006 52.650000000000006
254 48.400000000000006 52.7
0 48.400000000000006 52.75
0 48.45 51.7
0 48.45 51.75
0 48.45 51.800000000000004
0 48.45 51.85
0 48.45 51.900000000000006
0 48.45 51.95
254 48.45 52.0
254 48.45 52.050000000000004
254 48.45 52.1
254 48.45 52.150000000000006
254 48.45 52.2
254 48.45 52.25
254 48.45 52.300000000000004
254 48.45 52.400000000000006
254 48.45 52.45
254 48.45 52.5
254 48.45 52.550000000000004
254 48.45 52.6
254 48.45 52.650000000000006
254 48.45 52.7
0 48.45 52.75
0 48.5 51.45
0 48.5 51.5
0 48.5 51.550000000000004
0 48.5 51.6
0 48.5 51.650000000000006
254 48.5 51.7
254 48.5 51.75
0 48.5 51.800000000000004
0 48.5 51.85
254 48.5 51.900000000000006
254 48.5 51.95
254 48.5 52.0
254 48.5 52.050000000000004
254 48.5 52.1
254 48.5 52.150000000000006
254 48.5 52.2
254 48.5 52.25
254 48.5 52.35
254 48.5 52.400000000000006
254 48.5 52.45
254 48.5 52.5
254 48.5 52.550000000000004
254 48.5 52.6
254 48.5 52.650000000000006
254 48.5 52.7
0 48.5 52.75
0 48.550000000000004 51.25
0 48.550000000000004 51.300000000000004
0 48.550000000000004 51.35
0 48.550000000000004 51.400000000000006
0 48.550000000000004 51.45
254 48.550000000000004 51.5
254 48.550000000000004 51.550000000000004
254 48.550000000000004 51.6
254 48.550000000000004 51.650000000000006
254 48.550000000000004 51.7
254 48.550000000000004 51.75
254 48.550000000000004 51.800000000000004
254 48.550000000000004 51.85
254 48.550000000000004 51.900000000000006
254 48.550000000000004 51.95
254 48.550000000000004 52.0
254 48.550000000000004 52.050000000000004
254 48.550000000000004 52.1
254 48.550000000000004 52.150000000000006
254 48.550000000000004 52.2
254 48.550000000000004 52.25
254 48.550000000000004 52.35
254 48.550000000000004 52.400000000000006
254 48.550000000000004 52.45
254 48.550000000000004 52.5
254 48.550000000000004 52.550000000000004
254 48.550000000000004 52.6
254 48.550000000000004 52.650000000000006
254 48.550000000000004 52.7
0 48.550000000000004 52.75
0 48.550000000000004 52.800000000000004
0 48.6 51.0
0 48.6 51.050000000000004
0 48.6 51.1
0 48.6 51.150000000000006
0 48.6 51.2
254 48.6 51.25
254 48.6 51.300000000000004
254 48.6 51.35
254 48.6 51.400000000000006
254 48.6 51.45
254 48.6 51.5
254 48.6 51.550000000000004
254 48.6 51.6
254 48.6 51.650000000000006
254 48.6 51.7
254 48.6 51.75
254 48.6 51.800000000000004
254 48.6 51.85
254 48.6 51.900000000000006
254 48.6 51.95
254 48.6 52.0
254 48.6 52.050000000000004
254 48.6 52.1
254 48.6 52.150000000000006
254 48.6 52.2
254 48.6 52.300000000000004
254 48.6 52.35
254 48.6 52.400000000000006
254 48.6 52.45
254 48.6 52.5
254 48.6 52.550000000000004
254 48.6 52.6
254 48.6 52.650000000000006
254 48.6 52.7
254 48.6 52.75
0 48.6 52.800000000000004
0 48.650000000000006 50.800000000000004
0 48.650000000000006 50.85
0 48.650000000000006 50.900000000000006
0 48.650000000000006 50.95
0 48.650000000000006 51.0
254 48.650000000000006 51.050000000000004
254 48.650000000000006 51.1
254 48.650000000000006 51.150000000000006
254 48.650000000000006 51.2
254 48.650000000000006 51.25
254 48.650000000000006 51.300000000000004
254 48.650000000000006 51.35
254 48.650000000000006 51.400000000000006
254 48.650000000000006 51.45
254 48.650000000000006 51.5
254 48.650000000000006 51.550000000000004
254 48.650000000000006 51.6
254 48.650000000000006 51.650000000000006
254 48.650000000000006 51.7
254 48.650000000000006 51.75
254 48.650000000000006 51.800000000000004
254 48.650000000000006 51.85
254 48.650000000000006 51.900000000000006
254 48.650000000000006 51.95
254 48.650000000000006 52.0
254 48.650000000000006 52.050000000000004
254 48.650000000000006 52.1
254 48.650000000000006 52.150000000000006
254 48.650000000000006 52.2
254 48.650000000000006 52.300000000000004
254 48.650000000000006 52.35
254 48.650000000000006 52.400000000000006
254 48.650000000000006 52.45
254 48.650000000000006 52.5
254 48.650000000000006 52.550000000000004
254 48.650000000000006 52.6
254 48.650000000000006 52.650000000000006
254 48.650000000000006 52.7
254 48.650000000000006 52.75
0 48.7 50.550000000000004
0 48.7 50.6
0 48.7 50.650000000000006
0 48.7 50.7
0 48.7 50.75
0 48.7 50.800000000000004
254 48.7 50.85
254 48.7 50.900000000000006
254 48.7 50.95
254 48.7 51.0
254 48.7 51.050000000000004
254 48.7 51.1
254 48.7 51.150000000000006
254 48.7 51.2
254 48.7 51.25
254 48.7 51.300000000000004
254 48.7 51.35
254 48.7 51.400000000000006
254 48.7 51.45
254 48.7 51.5
254 48.7 51.550000000000004
254 48.7 51.6
254 48.7 51.650000000000006
254 48.7 51.7
254 48.7 51.75
254 48.7 51.800000000000004
254 48.7 51.85
254 48.7 51.900000000000006
254 48.7 51.95
254 48.7 52.0
254 48.7 52.050000000000004
254 48.7 52.1
254 48.7 52.150000000000006
254 48.7 52.2
254 48.7 52.25
254 48.7 52.300000000000004
254 48.7 52.35
254 48.7 52.400000000000006
254 48.7 52.45
254 48.7 52.5
254 48.7 52.550000000000004
254 48.7 52.6
254 48.7 52.650000000000006
254 48.7 52.7
254 48.7 52.75
0 48.75 50.400000000000006
0 48.75 50.45
0 48.75 50.5
0 48.75 50.550000000000004
254 48.75 50.6
254 48.75 50.650000000000006
254 48.75 50.7
254 48.75 50.75
254 48.75 50.800000000000004
254 48.75 50.85
254 48.75 50.900000000000006
254 48.75 50.95
254 48.75 51.0
254 48.75 51.050000000000004
254 48.75 51.1
254 48.75 51.150000000000006
254 48.75 51.2
254 48.75 51.25
254 48.75 51.300000000000004
254 48.75 51.35
254 48.75 51.400000000000006
254 48.75 51.45
254 48.75 51.5
254 48.75 51.550000000000004
254 48.75 51.6
254 48.75 51.650000000000006
254 48.75 51.7
254 48.75 51.75
254 48.75 51.800000000000004
254 48.75 51.85
254 48.75 51.900000000000006
254 48.75 51.95
254 48.75 52.0
254 48.75 52.050000000000004
254 48.75 52.1
254 48.75 52.150000000000006
254 48.75 52.25
254 48.75 52.300000000000004
254 48.75 52.35
254 48.75 52.400000000000006
254 48.75 52.45
254 48.75 52.5
254 48.75 52.550000000000004
254 48.75 52.6
254 48.75 52.650000000000006
254 48.75 52.7
0 48.800000000000004 50.35
254 48.800000000000004 50.400000000000006
254 48.800000000000004 50.45
254 48.800000000000004 50.5
254 48.800000000000004 50.550000000000004
254 48.800000000000004 50.6
254 48.800000000000004 50.650000000000006
254 48.800000000000004 50.7
254 48.800000000000004 50.75
254 48.800000000000004 50.800000000000004
254 48.800000000000004 50.85
254 48.800000000000004 50.900000000000006
254 48.800000000000004 50.95
254 48.800000000000004 51.0
254 48.800000000000004 51.050000000000004
254 48.800000000000004 51.1
254 48.800000000000004 51.150000000000006
254 48.800000000000004 51.2
254 48.800000000000004 51.25
254 48.800000000000004 51.300000000000004
254 48.800000000000004 51.35
254 48.800000000000004 51.400000000000006
254 48.800000000000004 51.45
254 48.800000000000004 51.5
254 48.800000000000004 51.550000000000004
254 48.800000000000004 51.6
254 48.800000000000004 51.650000000000006
254 48.800000000000004 51.7
254 48.800000000000004 51.75
254 48.800000000000004 51.800000000000004
254 48.800000000000004 51.85
254 48.800000000000004 51.900000000000006
254 48.800000000000004 51.95
254 48.800000000000004 52.0
254 48.800000000000004 52.050000000000004
254 48.800000000000004 52.1
254 48.800000000000004 52.150000000000006
254 48.800000000000004 52.25
254 48.800000000000004 52.300000000000004
254 48.800000000000004 52.35
254 48.800000000000004 52.400000000000006
254 48.800000000000004 52.45
254 48.800000000000004 52.5
254 48.800000000000004 52.550000000000004
254 48.800000000000004 52.6
254 48.800000000000004 52.650000000000006
254 48.85 50.35
254 48.85 50.45
254 48.85 50.5
254 48.85 50.550000000000004
254 48.85 50.6
254 48.85 50.650000000000006
254 48.85 50.7
254 48.85 50.75
254 48.85 50.800000000000004
254 48.85 50.85
254 48.85 50.900000000000006
254 48.85 50.95
254 48.85 51.0
254 48.85 51.050000000000004
254 48.85 51.1
254 48.85 51.150000000000006
254 48.85 51.2
254 48.85 51.25
254 48.85 51.300000000000004
254 48.85 51.35
254 48.85 51.400000000000006
254 48.85 51.45
254 48.85 51.5
254 48.85 51.550000000000004
254 48.85 51.6
254 48.85 51.650000000000006
254 48.85 51.7
254 48.85 51.75
254 48.85 51.800000000000004
254 48.85 51.85
254 48.85 51.900000000000006
254 48.85 51.95
254 48.85 52.0
254 48.85 52.050000000000004
254 48.85 52.1
254 48.85 52.2
254 48.85 52.25
254 48.85 52.300000000000004
254 48.85 52.35
254 48.85 52.400000000000006
254 48.85 52.45
254 48.85 52.5
254 48.85 52.550000000000004
254 48.85 52.6
254 48.85 52.650000000000006
254 48.900000000000006 50.400000000000006
254 48.900000000000006 50.45
254 48.900000000000006 50.5
254 48.900000000000006 50.550000000000004
254 48.900000000000006 50.6
254 48.900000000000006 50.650000000000006
254 48.900000000000006 50.7
254 48.900000000000006 50.75
254 48.900000000000006 50.800000000000004
254 48.900000000000006 50.85
254 48.900000000000006 50.900000000000006
254 48.900000000000006 50.95
254 48.900000000000006 51.0
254 48.900000000000006 51.050000000000004
254 48.900000000000006 51.1
254 48.900000000000006 51.150000000000006
254 48.900000000000006 51.2
254 48.900000000000006 51.25
254 48.900000000000006 51.300000000000004
254 48.900000000000006 51.35
254 48.900000000000006 51.400000000000006
254 48.900000000000006 51.45
254 48.900000000000006 51.5
254 48.900000000000006 51.550000000000004
254 48.900000000000006 51.6
254 48.900000000000006 51.650000000000006
254 48.900000000000006 51.7
254 48.900000000000006 51.75
254 48.900000000000006 51.800000000000004
254 48.900000000000006 51.85
254 48.900000000000006 51.900000000000006
254 48.900000000000006 51.95
254 48.900000000000006 52.0
254 48.900000000000006 52.050000000000004
254 48.900000000000006 52.1
254 48.900000000000006 52.2
254 48.900000000000006 52.25
254 48.900000000000006 52.300000000000004
254 48.900000000000006 52.35
254 48.900000000000006 52.400000000000006
254 48.900000000000006 52.45
254 48.900000000000006 52.5
254 48.900000000000006 52.550000000000004
254 48.900000000000006 52.6
254 48.95 50.400000000000006
254 48.95 50.45
254 48.95 50.5
254 48.95 50.550000000000004
254 48.95 50.6
254 48.95 50.650000000000006
254 48.95 50.7
254 48.95 50.75
254 48.95 50.800000000000004
254 48.95 50.85
254 48.95 50.900000000000006
254 48.95 50.95
254 48.95 51.0
254 48.95 51.050000000000004
254 48.95 51.1
254 48.95 51.150000000000006
254 48.95 51.2
254 48.95 51.25
254 48.95 51.300000000000004
254 48.95 51.35
254 48.95 51.400000000000006
254 48.95 51.45
254 48.95 51.5
254 48.95 51.550000000000004
254 48.95 51.6
254 48.95 51.650000000000006
254 48.95 51.7
254 48.95 51.75
254 48.95 51.800000000000004
254 48.95 51.85
254 48.95 51.900000000000006
254 48.95 51.95
254 48.95 52.0
254 48.95 52.050000000000004
254 48.95 52.1
254 48.95 52.150000000000006
254 48.95 52.2
254 48.95 52.25
254 48.95 52.300000000000004
254 48.95 52.35
254 48.95 52.400000000000006
254 48.95 52.45
254 48.95 52.5
254 48.95 52.550000000000004
254 48.95 52.6
254 49.0 50.400000000000006
254 49.0 50.5
254 49.0 50.550000000000004
254 49.0 50.6
254 49.0 50.650000000000006
254 49.0 50.7
254 49.0 50.75
254 49.0 50.800000000000004
254 49.0 50.85
254 49.0 50.900000000000006
254 49.0 50.95
254 49.0 51.0
254 49.0 51.050000000000004
254 49.0 51.1
254 49.0 51.150000000000006
254 49.0 51.2
254 49.0 51.25
254 49.0 51.300000000000004
254 49.0 51.35
254 49.0 51.400000000000006
254 49.0 51.45
254 49.0 51.5
254 49.0 51.550000000000004
254 49.0 51.6
254 49.0 51.650000000000006
254 49.0 51.7
254 49.0 51.75
254 49.0 51.800000000000004
254 49.0 51.85
254 49.0 51.900000000000006
254 49.0 51.95
254 49.0 52.0
254 49.0 52.050000000000004
254 49.0 52.150000000000006
254 49.0 52.2
254 49.0 52.25
254 49.0 52.300000000000004
254 49.0 52.35
254 49.0 52.400000000000006
254 49.0 52.45
254 49.0 52.5
254 49.0 52.550000000000004
254 49.050000000000004 50.45
254 49.050000000000004 50.5
254 49.050000000000004 50.550000000000004
254 49.050000000000004 50.6
254 49.050000000000004 50.650000000000006
254 49.050000000000004 50.7
254 49.050000000000004 50.75
254 49.050000000000004 50.800000000000004
254 49.050000000000004 50.85
254 49.050000000000004 50.900000000000006
254 49.050000000000004 50.95
254 49.050000000000004 51.0
254 49.050000000000004 51.050000000000004
254 49.050000000000004 51.1
254 49.050000000000004 51.150000000000006
254 49.050000000000004 51.2
254 49.050000000000004 51.25
254 49.050000000000004 51.300000000000004
254 49.050000000000004 51.35
254 49.050000000000004 51.400000000000006
254 49.050000000000004 51.45
254 49.050000000000004 51.5
254 49.050000000000004 51.550000000000004
254 49.050000000000004 51.6
254 49.050000000000004 51.650000000000006
254 49.050000000000004 51.7
254 49.050000000000004 51.75
254 49.050000000000004 51.800000000000004
254 49.050000000000004 51.85
254 49.050000000000004 51.900000000000006
254 49.050000000000004 51.95
254 49.050000000000004 52.0
254 49.050000000000004 52.050000000000004
254 49.050000000000004 52.1
254 49.050000000000004 52.150000000000006
254 49.050000000000004 52.2
254 49.050000000000004 52.25
254 49.050000000000004 52.300000000000004
254 49.050000000000004 52.35
254 49.050000000000004 52.400000000000006
254 49.050000000000004 52.45
254 49.050000000000004 52.5
254 49.1 50.45
254 49.1 50.5
254 49.1 50.550000000000004
254 49.1 50.6
254 49.1 50.650000000000006
254 49.1 50.7
254 49.1 50.75
254 49.1 50.800000000000004
254 49.1 50.85
254 49.1 50.900000000000006
254 49.1 50.95
254 49.1 51.0
254 49.1 51.050000000000004
254 49.1 51.1
254 49.1 51.150000000000006
254 49.1 51.2
254 49.1 51.25
254 49.1 51.300000000000004
254 49.1 51.35
254 49.1 51.400000000000006
254 49.1 51.45
254 49.1 51.5
254 49.1 51.550000000000004
254 49.1 51.6
254 49.1 51.650000000000006
254 49.1 51.7
254 49.1 51.75
254 49.1 51.800000000000004
254 49.1 51.85
254 49.1 51.900000000000006
254 49.1 51.95
254 49.1 52.0
254 49.1 52.1
254 49.1 52.150000000000006
254 49.1 52.2
254 49.1 52.25
254 49.1 52.300000000000004
254 49.1 52.35
254 49.1 52.400000000000006
254 49.1 52.45
254 49.1 52.5
254 49.150000000000006 50.5
254 49.150000000000006 50.550000000000004
254 49.150000000000006 50.6
254 49.150000000000006 50.650000000000006
254 49.150000000000006 50.7
254 49.150000000000006 50.75
254 49.150000000000006 50.800000000000004
254 49.150000000000006 50.85
254 49.150000000000006 50.900000000000006
254 49.150000000000006 50.95
254 49.150000000000006 51.0
254 49.150000000000006 51.050000000000004
254 49.150000000000006 51.1
254 49.150000000000006 51.150000000000006
254 49.150000000000006 51.2
254 49.150000000000006 51.25
254 49.150000000000006 51.300000000000004
254 49.150000000000006 51.35
254 49.150000000000006 51.400000000000006
254 49.150000000000006 51.45
254 49.150000000000006 51.5
254 49.150000000000006 51.550000000000004
254 49.150000000000006 51.6
254 49.150000000000006 51.650000000000006
254 49.150000000000006 51.7
254 49.150000000000006 51.75
254 49.150000000000006 51.800000000000004
254 49.150000000000006 51.85
254 49.150000000000006 51.900000000000006
254 49.150000000000006 51.95
254 49.150000000000006 52.0
254 49.150000000000006 52.1
254 49.150000000000006 52.150000000000006
254 49.150000000000006 52.2
254 49.150000000000006 52.25
254 49.150000000000006 52.300000000000004
254 49.150000000000006 52.35
254 49.150000000000006 52.400000000000006
254 49.150000000000006 52.45
254 49.2 50.5
254 49.2 50.550000000000004
254 49.2 50.6
254 49.2 50.650000000000006
254 49.2 50.7
254 49.2 50.75
254 49.2 50.800000000000004
254 49.2 50.85
254 49.2 50.900000000000006
254 49.2 50.95
254 49.2 51.0
254 49.2 51.050000000000004
254 49.2 51.1
254 49.2 51.150000000000006
254 49.2 51.2
254 49.2 51.25
254 49.2 51.300000000000004
254 49.2 51.35
254 49.2 51.400000000000006
254 49.2 51.45
254 49.2 51.5
254 49.2 51.550000000000004
254 49.2 51.6
254 49.2 51.650000000000006
254 49.2 51.7
254 49.2 51.75
254 49.2 51.800000000000004
254 49.2 51.85
254 49.2 51.900000000000006
254 49.2 51.95
254 49.2 52.0
254 49.2 52.050000000000004
254 49.2 52.1
254 49.2 52.150000000000006
254 49.2 52.2
254 49.2 52.25
254 49.2 52.300000000000004
254 49.2 52.35
254 49.2 52.400000000000006
254 49.25 50.5
254 49.25 50.550000000000004
254 49.25 50.6
254 49.25 50.650000000000006
254 49.25 50.7
254 49.25 50.75
254 49.25 50.800000000000004
254 49.25 50.85
254 49.25 50.900000000000006
254 49.25 50.95
254 49.25 51.0
254 49.25 51.050000000000004
254 49.25 51.1
254 49.25 51.150000000000006
254 49.25 51.2
254 49.25 51.25
254 49.25 51.300000000000004
254 49.25 51.35
254 49.25 51.400000000000006
254 49.25 51.45
254 49.25 51.5
254 49.25 51.550000000000004
254 49.25 51.6
254 49.25 51.650000000000006
254 49.25 51.7
254 49.25 51.75
254 49.25 51.800000000000004
254 49.25 51.85
254 49.25 51.900000000000006
254 49.25 51.95
254 49.25 52.050000000000004
254 49.25 52.1
254 49.25 52.150000000000006
254 49.25 52.2
254 49.25 52.25
254 49.25 52.300000000000004
254 49.25 52.35
0 49.25 52.400000000000006
254 49.300000000000004 50.550000000000004
254 49.300000000000004 50.6
254 49.300000000000004 50.650000000000006
254 49.300000000000004 50.7
254 49.300000000000004 50.75
254 49.300000000000004 50.800000000000004
254 49.300000000000004 50.85
254 49.300000000000004 50.900000000000006
254 49.300000000000004 50.95
254 49.300000000000004 51.0
254 49.300000000000004 51.050000000000004
254 49.300000000000004 51.1
254 49.300000000000004 51.150000000000006
254 49.300000000000004 51.2
254 49.300000000000004 51.25
254 49.300000000000004 51.300000000000004
254 49.300000000000004 51.35
254 49.300000000000004 51.400000000000006
254 49.300000000000004 51.45
254 49.300000000000004 51.5
254 49.300000000000004 51.550000000000004
254 49.300000000000004 51.6
254 49.300000000000004 51.650000000000006
254 49.300000000000004 51.7
254 49.300000000000004 51.75
254 49.300000000000004 51.800000000000004
254 49.300000000000004 51.85
254 49.300000000000004 51.900000000000006
254 49.300000000000004 51.95
254 49.300000000000004 52.0
254 49.300000000000004 52.050000000000004
254 49.300000000000004 52.1
254 49.300000000000004 52.150000000000006
254 49.300000000000004 52.2
254 49.300000000000004 52.25
254 49.300000000000004 52.300000000000004
254 49.300000000000004 52.35
0 49.300000000000004 52.400000000000006
0 49.300000000000004 52.45
254 49.35 50.550000000000004
254 49.35 50.6
254 49.35 50.650000000000006
254 49.35 50.7
254 49.35 50.75
254 49.35 50.800000000000004
254 49.35 50.85
254 49.35 50.900000000000006
254 49.35 50.95
254 49.35 51.0
254 49.35 51.050000000000004
254 49.35 51.1
254 49.35 51.150000000000006
254 49.35 51.2
254 49.35 51.25
254 49.35 51.300000000000004
254 49.35 51.35
254 49.35 51.400000000000006
254 49.35 51.45
254 49.35 51.5
254 49.35 51.550000000000004
254 49.35 51.6
254 49.35 51.650000000000006
254 49.35 51.7
254 49.35 51.75
254 49.35 51.800000000000004
254 49.35 51.85
254 49.35 51.900000000000006
254 49.35 52.0
254 49.35 52.050000000000004
254 49.35 52.1
254 49.35 52.150000000000006
254 49.35 52.2
254 49.35 52.25
254 49.35 52.300000000000004
254 49.35 52.35
254 49.35 52.400000000000006
0 49.35 52.45
254 49.400000000000006 50.550000000000004
254 49.400000000000006 50.6
254 49.400000000000006 50.650000000000006
254 49.400000000000006 50.7
254 49.400000000000006 50.75
254 49.400000000000006 50.800000000000004
254 49.400000000000006 50.85
254 49.400000000000006 50.900000000000006
254 49.400000000000006 50.95
254 49.400000000000006 51.0
254 49.400000000000006 51.050000000000004
254 49.400000000000006 51.1
254 49.400000000000006 51.150000000000006
254 49.400000000000006 51.2
254 49.400000000000006 51.25
254 49.400000000000006 51.300000000000004
254 49.400000000000006 51.35
254 49.400000000000006 51.400000000000006
254 49.400000000000006 51.45
254 49.400000000000006 51.5
254 49.400000000000006 51.550000000000004
254 49.400000000000006 51.6
254 49.400000000000006 51.650000000000006
254 49.400000000000006 51.7
254 49.400000000000006 51.75
254 49.400000000000006 51.800000000000004
254 49.400000000000006 51.85
254 49.400000000000006 51.900000000000006
254 49.400000000000006 51.95
254 49.400000000000006 52.0
254 49.400000000000006 52.050000000000004
254 49.400000000000006 52.1
254 49.400000000000006 52.150000000000006
254 49.400000000000006 52.2
254 49.400000000000006 52.25
254 49.400000000000006 52.300000000000004
254 49.400000000000006 52.35
254 49.400000000000006 52.400000000000006
0 49.400000000000006 52.45
254 49.45 50.6
254 49.45 50.650000000000006
254 49.45 50.7
254 49.45 50.75
254 49.45 50.800000000000004
254 49.45 50.85
254 49.45 50.900000000000006
254 49.45 50.95
254 49.45 51.0
254 49.45 51.050000000000004
254 49.45 51.1
254 49.45 51.150000000000006
254 49.45 51.2
254 49.45 51.25
254 49.45 51.300000000000004
254 49.45 51.35
254 49.45 51.400000000000006
254 49.45 51.45
254 49.45 51.5
254 49.45 51.550000000000004
254 49.45 51.6
254 49.45 51.650000000000006
254 49.45 51.7
254 49.45 51.75
254 49.45 51.800000000000004
254 49.45 51.85
254 49.45 51.900000000000006
254 49.45 51.95
254 49.45 52.0
254 49.45 52.050000000000004
254 49.45 52.1
254 49.45 52.150000000000006
254 49.45 52.2
254 49.45 52.25
254 49.45 52.300000000000004
254 49.45 52.35
254 49.45 52.400000000000006
0 49.45 52.45
0 49.45 52.5
254 49.5 50.6
254 49.5 50.650000000000006
254 49.5 50.7
254 49.5 50.75
254 49.5 50.800000000000004
254 49.5 50.85
254 49.5 50.900000000000006
254 49.5 50.95
254 49.5 51.0
254 49.5 51.050000000000004
254 49.5 51.1
254 49.5 51.150000000000006
254 49.5 51.2
254 49.5 51.25
254 49.5 51.300000000000004
254 49.5 51.35
254 49.5 51.400000000000006
254 49.5 51.45
254 49.5 51.5
254 49.5 51.550000000000004
254 49.5 51.6
254 49.5 51.650000000000006
254 49.5 51.7
254 49.5 51.75
254 49.5 51.800000000000004
254 49.5 51.85
254 49.5 51.900000000000006
254 49.5 51.95
254 49.5 52.0
254 49.5 52.050000000000004
254 49.5 52.1
254 49.5 52.150000000000006
254 49.5 52.2
254 49.5 52.25
254 49.5 52.300000000000004
254 49.5 52.35
254 49.5 52.400000000000006
254 49.5 52.45
254 49.550000000000004 50.6
254 49.550000000000004 50.650000000000006
254 49.550000000000004 50.7
254 49.550000000000004 50.75
254 49.550000000000004 50.800000000000004
254 49.550000000000004 50.85
254 49.550000000000004 50.900000000000006
254 49.550000000000004 50.95
254 49.550000000000004 51.0
254 49.550000000000004 51.050000000000004
254 49.550000000000004 51.1
254 49.550000000000004 51.150000000000006
254 49.550000000000004 51.2
254 49.550000000000004 51.25
254 49.550000000000004 51.300000000000004
254 49.550000000000004 51.35
254 49.550000000000004 51.400000000000006
254 49.550000000000004 51.45
254 49.550000000000004 51.5
254 49.550000000000004 51.550000000000004
254 49.550000000000004 51.6
254 49.550000000000004 51.650000000000006
254 49.550000000000004 51.7
254 49.550000000000004 51.75
254 49.550000000000004 51.800000000000004
254 49.550000000000004 51.85
254 49.550000000000004 51.900000000000006
254 49.550000000000004 51.95
254 49.550000000000004 52.0
254 49.550000000000004 52.050000000000004
254 49.550000000000004 52.1
254 49.550000000000004 52.150000000000006
254 49.550000000000004 52.2
254 49.550000000000004 52.25
254 49.550000000000004 52.300000000000004
254 49.550000000000004 52.35
254 49.550000000000004 52.400000000000006
0 49.550000000000004 52.45
254 49.6 50.650000000000006
254 49.6 50.7
254 49.6 50.75
254 49.6 50.800000000000004
254 49.6 50.85
254 49.6 50.900000000000006
254 49.6 50.95
254 49.6 51.0
254 49.6 51.050000000000004
254 49.6 51.1
254 49.6 51.150000000000006
254 49.6 51.2
254 49.6 51.25
254 49.6 51.300000000000004
254 49.6 51.35
254 49.6 51.400000000000006
254 49.6 51.45
254 49.6 51.5
254 49.6 51.550000000000004
254 49.6 51.6
254 49.6 51.650000000000006
254 49.6 51.7
254 49.6 51.75
254 49.6 51.800000000000004
254 49.6 51.900000000000006
254 49.6 51.95
254 49.6 52.0
254 49.6 52.050000000000004
254 49.6 52.1
254 49.6 52.150000000000006
254 49.6 52.2
254 49.6 52.25
254 49.6 52.300000000000004
254 49.6 52.35
254 49.6 52.400000000000006
0 49.6 52.45
254 49.650000000000006 50.650000000000006
254 49.650000000000006 50.7
254 49.650000000000006 50.75
254 49.650000000000006 50.800000000000004
254 49.650000000000006 50.85
254 49.650000000000006 50.900000000000006
254 49.650000000000006 50.95
254 49.650000000000006 51.0
254 49.650000000000006 51.050000000000004
254 49.650000000000006 51.1
254 49.650000000000006 51.150000000000006
254 49.650000000000006 51.2
254 49.650000000000006 51.25
254 49.650000000000006 51.300000000000004
254 49.650000000000006 51.35
254 49.650000000000006 51.400000000000006
254 49.650000000000006 51.45
254 49.650000000000006 51.5
254 49.650000000000006 51.550000000000004
254 49.650000000000006 51.6
254 49.650000000000006 51.650000000000006
254 49.650000000000006 51.7
254 49.650000000000006 51.75
254 49.650000000000006 51.800000000000004
254 49.650000000000006 51.85
254 49.650000000000006 51.900000000000006
254 49.650000000000006 51.95
254 49.650000000000006 52.0
254 49.650000000000006 52.050000000000004
254 49.650000000000006 52.1
254 49.650000000000006 52.150000000000006
254 49.650000000000006 52.2
254 49.650000000000006 52.25
254 49.650000000000006 52.300000000000004
254 49.650000000000006 52.35
254 49.650000000000006 52.400000000000006
0 49.650000000000006 52.45
0 49.650000000000006 52.5
254 49.7 50.7
254 49.7 50.75
254 49.7 50.800000000000004
254 49.7 50.85
254 49.7 50.900000000000006
254 49.7 50.95
254 49.7 51.0
254 49.7 51.050000000000004
254 49.7 51.1
254 49.7 51.150000000000006
254 49.7 51.2
254 49.7 51.25
254 49.7 51.300000000000004
254 49.7 51.35
254 49.7 51.400000000000006
254 49.7 51.45
254 49.7 51.5
254 49.7 51.550000000000004
254 49.7 51.6
254 49.7 51.650000000000006
254 49.7 51.7
254 49.7 51.75
254 49.7 51.800000000000004
254 49.7 51.85
254 49.7 51.900000000000006
254 49.7 51.95
254 49.7 52.0
254 49.7 52.050000000000004
254 49.7 52.1
254 49.7 52.150000000000006
254 49.7 52.2
254 49.7 52.25
254 49.7 52.300000000000004
254 49.7 52.35
254 49.7 52.400000000000006
254 49.7 52.45
0 49.7 52.5
254 49.75 50.7
254 49.75 50.75
254 49.75 50.800000000000004
254 49.75 50.85
254 49.75 50.900000000000006
254 49.75 50.95
254 49.75 51.0
254 49.75 51.050000000000004
254 49.75 51.1
254 49.75 51.150000000000006
254 49.75 51.2
254 49.75 51.25
254 49.75 51.300000000000004
254 49.75 51.35
254 49.75 51.400000000000006
254 49.75 51.45
254 49.75 51.5
254 49.75 51.550000000000004
254 49.75 51.6
254 49.75 51.650000000000006
254 49.75 51.7
254 49.75 51.75
254 49.75 51.800000000000004
254 49.75 51.85
254 49.75 51.900000000000006
254 49.75 51.95
254 49.75 52.0
254 49.75 52.050000000000004
254 49.75 52.1
254 49.75 52.150000000000006
254 49.75 52.2
254 49.75 52.25
254 49.75 52.300000000000004
254 49.75 52.35
254 49.75 52.400000000000006
254 49.75 52.45
0 49.75 52.5
254 49.800000000000004 50.7
254 49.800000000000004 50.75
254 49.800000000000004 50.800000000000004
254 49.800000000000004 50.85
254 49.800000000000004 50.900000000000006
254 49.800000000000004 50.95
254 49.800000000000004 51.0
254 49.800000000000004 51.050000000000004
254 49.800000000000004 51.1
254 49.800000000000004 51.150000000000006
254 49.800000000000004 51.2
254 49.800000000000004 51.25
254 49.800000000000004 51.300000000000004
254 49.800000000000004 51.35
254 49.800000000000004 51.400000000000006
254 49.800000000000004 51.45
254 49.800000000000004 51.5
254 49.800000000000004 51.550000000000004
254 49.800000000000004 51.6
254 49.800000000000004 51.650000000000006
254 49.800000000000004 51.7
254 49.800000000000004 51.75
254 49.800000000000004 51.800000000000004
254 49.800000000000004 51.85
254 49.800000000000004 51.900000000000006
254 49.800000000000004 51.95
254 49.800000000000004 52.0
254 49.800000000000004 52.050000000000004
254 49.800000000000004 52.1
254 49.800000000000004 52.150000000000006
254 49.800000000000004 52.2
254 49.800000000000004 52.25
254 49.800000000000004 52.300000000000004
254 49.800000000000004 52.35
254 49.800000000000004 52.400000000000006
254 49.800000000000004 52.45
0 49.800000000000004 52.550000000000004
254 49.85 50.75
254 49.85 50.800000000000004
254 49.85 50.85
254 49.85 50.900000000000006
254 49.85 50.95
254 49.85 51.0
254 49.85 51.050000000000004
254 49.85 51.1
254 49.85 51.150000000000006
254 49.85 51.2
254 49.85 51.25
254 49.85 51.300000000000004
254 49.85 51.35
254 49.85 51.400000000000006
254 49.85 51.45
254 49.85 51.5
254 49.85 51.550000000000004
254 49.85 51.6
254 49.85 51.650000000000006
254 49.85 51.7
254 49.85 51.75
254 49.85 51.800000000000004
254 49.85 51.85
254 49.85 51.900000000000006
254 49.85 51.95
254 49.85 52.0
254 49.85 52.050000000000004
254 49.85 52.1
254 49.85 52.150000000000006
254 49.85 52.2
254 49.85 52.25
254 49.85 52.300000000000004
254 49.85 52.35
254 49.85 52.400000000000006
254 49.85 52.5
0 49.85 52.550000000000004
254 49.900000000000006 50.75
254 49.900000000000006 50.800000000000004
254 49.900000000000006 50.85
254 49.900000000000006 50.900000000000006
254 49.900000000000006 50.95
254 49.900000000000006 51.0
254 49.900000000000006 51.050000000000004
254 49.900000000000006 51.1
254 49.900000000000006 51.150000000000006
254 49.900000000000006 51.2
254 49.900000000000006 51.25
254 49.900000000000006 51.300000000000004
254 49.900000000000006 51.35
254 49.900000000000006 51.400000000000006
254 49.900000000000006 51.45
254 49.900000000000006 51.5
254 49.900000000000006 51.550000000000004
254 49.900000000000006 51.6
254 49.900000000000006 51.650000000000006
254 49.900000000000006 51.7
254 49.900000000000006 51.75
254 49.900000000000006 51.800000000000004
254 49.900000000000006 51.85
254 49.900000000000006 51.900000000000006
254 49.900000000000006 51.95
254 49.900000000000006 52.0
254 49.900000000000006 52.050000000000004
254 49.900000000000006 52.1
254 49.900000000000006 52.150000000000006
254 49.900000000000006 52.2
254 49.900000000000006 52.25
254 49.900000000000006 52.300000000000004
254 49.900000000000006 52.35
254 49.900000000000006 52.45
254 49.900000000000006 52.5
0 49.900000000000006 52.550000000000004
0 49.900000000000006 52.900000000000006
254 49.95 50.75
254 49.95 50.800000000000004
254 49.95 50.85
254 49.95 50.900000000000006
254 49.95 50.95
254 49.95 51.0
254 49.95 51.050000000000004
254 49.95 51.1
254 49.95 51.150000000000006
254 49.95 51.2
254 49.95 51.25
254 49.95 51.300000000000004
254 49.95 51.35
254 49.95 51.400000000000006
254 49.95 51.45
254 49.95 51.5
254 49.95 51.550000000000004
254 49.95 51.6
254 49.95 51.650000000000006
254 49.95 51.7
254 49.95 51.75
254 49.95 51.800000000000004
254 49.95 51.85
254 49.95 51.900000000000006
254 49.95 51.95
254 49.95 52.0
254 49.95 52.050000000000004
254 49.95 52.1
254 49.95 52.150000000000006
254 49.95 52.2
254 49.95 52.25
254 49.95 52.300000000000004
254 49.95 52.400000000000006
254 49.95 52.45
254 49.95 52.5
0 49.95 52.550000000000004
0 49.95 52.6
0 49.95 52.650000000000006
0 49.95 52.7
0 49.95 52.75
0 49.95 52.800000000000004
0 49.95 52.85
0 49.95 52.900000000000006
0 49.95 52.95
254 50.0 50.800000000000004
254 50.0 50.85
254 50.0 50.900000000000006
254 50.0 50.95
254 50.0 51.0
254 50.0 51.050000000000004
254 50.0 51.1
254 50.0 51.150000000000006
254 50.0 51.2
254 50.0 51.25
254 50.0 51.300000000000004
254 50.0 51.35
254 50.0 51.400000000000006
254 50.0 51.45
254 50.0 51.5
254 50.0 51.550000000000004
254 50.0 51.6
254 50.0 51.650000000000006
254 50.0 51.7
254 50.0 51.75
254 50.0 51.800000000000004
254 50.0 51.85
254 50.0 51.900000000000006
254 50.0 51.95
254 50.0 52.0
254 50.0 52.050000000000004
254 50.0 52.1
254 50.0 52.150000000000006
254 50.0 52.2
254 50.0 52.25
254 50.0 52.35
254 50.0 52.400000000000006
254 50.0 52.45
254 50.0 52.5
254 50.0 52.550000000000004
0 50.0 52.6
254 50.0 52.650000000000006
254 50.0 52.7
254 50.0 52.75
254 50.0 52.800000000000004
254 50.0 52.85
254 50.0 52.900000000000006
254 50.050000000000004 50.800000000000004
254 50.050000000000004 50.85
254 50.050000000000004 50.900000000000006
254 50.050000000000004 50.95
254 50.050000000000004 51.0
254 50.050000000000004 51.050000000000004
254 50.050000000000004 51.1
254 50.050000000000004 51.150000000000006
254 50.050000000000004 51.2
254 50.050000000000004 51.25
254 50.050000000000004 51.300000000000004
254 50.050000000000004 51.35
254 50.050000000000004 51.400000000000006
254 50.050000000000004 51.45
254 50.050000000000004 51.5
254 50.050000000000004 51.550000000000004
254 50.050000000000004 51.6
254 50.050000000000004 51.650000000000006
254 50.050000000000004 51.7
254 50.050000000000004 51.75
254 50.050000000000004 51.800000000000004
254 50.050000000000004 51.85
254 50.050000000000004 51.900000000000006
254 50.050000000000004 51.95
254 50.050000000000004 52.0
254 50.050000000000004 52.050000000000004
254 50.050000000000004 52.1
254 50.050000000000004 52.150000000000006
254 50.050000000000004 52.2
254 50.050000000000004 52.300000000000004
254 50.050000000000004 52.35
254 50.050000000000004 52.400000000000006
254 50.050000000000004 52.45
254 50.050000000000004 52.5
254 50.050000000000004 52.550000000000004
254 50.050000000000004 52.6
254 50.050000000000004 52.650000000000006
254 50.050000000000004 52.7
254 50.050000000000004 52.75
254 50.050000000000004 52.800000000000004
254 50.1 50.800000000000004
254 50.1 50.85
254 50.1 50.900000000000006
254 50.1 50.95
254 50.1 51.0
254 50.1 51.050000000000004
254 50.1 51.1
254 50.1 51.150000000000006
254 50.1 51.2
254 50.1 51.25
254 50.1 51.300000000000004
254 50.1 51.35
254 50.1 51.400000000000006
254 50.1 51.45
254 50.1 51.5
254 50.1 51.550000000000004
254 50.1 51.6
254 50.1 51.650000000000006
254 50.1 51.7
254 50.1 51.75
254 50.1 51.800000000000004
254 50.1 51.85
254 50.1 51.900000000000006
254 50.1 51.95
254 50.1 52.0
254 50.1 52.050000000000004
254 50.1 52.1
254 50.1 52.150000000000006
254 50.1 52.2
254 50.1 52.25
254 50.1 52.300000000000004
254 50.1 52.35
254 50.1 52.400000000000006
254 50.1 52.45
254 50.1 52.5
254 50.1 52.550000000000004
254 50.1 52.6
254 50.1 52.650000000000006
254 50.1 52.7
254 50.1 52.75
254 50.150000000000006 50.85
254 50.150000000000006 50.900000000000006
254 50.150000000000006 50.95
254 50.150000000000006 51.0
254 50.150000000000006 51.050000000000004
254 50.150000000000006 51.1
254 50.150000000000006 51.150000000000006
254 50.150000000000006 51.2
254 50.150000000000006 51.25
254 50.150000000000006 51.300000000000004
254 50.150000000000006 51.35
254 50.150000000000006 51.400000000000006
254 50.150000000000006 51.45
254 50.150000000000006 51.5
254 50.150000000000006 51.550000000000004
254 50.150000000000006 51.6
254 50.150000000000006 51.650000000000006
254 50.150000000000006 51.7
254 50.150000000000006 51.75
254 50.150000000000006 51.800000000000004
254 50.150000000000006 51.85
254 50.150000000000006 51.900000000000006
254 50.150000000000006 51.95
254 50.150000000000006 52.0
254 50.150000000000006 52.050000000000004
254 50.150000000000006 52.1
254 50.150000000000006 52.150000000000006
254 50.150000000000006 52.2
254 50.150000000000006 52.25
254 50.150000000000006 52.300000000000004
254 50.150000000000006 52.35
254 50.150000000000006 52.400000000000006
254 50.150000000000006 52.45
254 50.150000000000006 52.5
254 50.150000000000006 52.550000000000004
254 50.150000000000006 52.6
254 50.150000000000006 52.650000000000006
0 50.2 50.85
254 50.2 50.900000000000006
254 50.2 50.95
254 50.2 51.0
254 50.2 51.050000000000004
254 50.2 51.1
254 50.2 51.150000000000006
254 50.2 51.2
254 50.2 51.25
254 50.2 51.300000000000004
254 50.2 51.35
254 50.2 51.400000000000006
254 50.2 51.45
254 50.2 51.5
254 50.2 51.550000000000004
254 50.2 51.6
254 50.2 51.650000000000006
254 50.2 51.7
254 50.2 51.75
254 50.2 51.800000000000004
254 50.2 51.85
254 50.2 51.900000000000006
254 50.2 51.95
254 50.2 52.0
254 50.2 52.050000000000004
254 50.2 52.1
254 50.2 52.150000000000006
254 50.2 52.2
254 50.2 52.25
254 50.2 52.300000000000004
254 50.2 52.35
254 50.2 52.400000000000006
254 50.2 52.45
254 50.2 52.5
254 50.2 52.550000000000004
254 50.2 52.6
0 50.25 50.75
0 50.25 50.800000000000004
0 50.25 50.85
254 50.25 50.900000000000006
254 50.25 50.95
254 50.25 51.0
254 50.25 51.050000000000004
254 50.25 51.1
254 50.25 51.150000000000006
254 50.25 51.2
254 50.25 51.25
254 50.25 51.300000000000004
254 50.25 51.35
254 50.25 51.400000000000006
254 50.25 51.45
254 50.25 51.5
254 50.25 51.550000000000004
254 50.25 51.6
254 50.25 51.650000000000006
254 50.25 51.7
254 50.25 51.75
254 50.25 51.800000000000004
254 50.25 51.85
254 50.25 51.900000000000006
254 50.25 51.95
254 50.25 52.0
254 50.25 52.050000000000004
254 50.25 52.1
254 50.25 52.150000000000006
254 50.25 52.2
254 50.25 52.25
254 50.25 52.300000000000004
254 50.25 52.35
254 50.25 52.400000000000006
254 50.25 52.45
254 50.25 52.5
0 50.300000000000004 50.050000000000004
0 50.300000000000004 50.75
254 50.300000000000004 50.800000000000004
254 50.300000000000004 50.85
254 50.300000000000004 50.900000000000006
254 50.300000000000004 50.95
254 50.300000000000004 51.0
254 50.300000000000004 51.050000000000004
254 50.300000000000004 51.1
254 50.300000000000004 51.150000000000006
254 50.300000000000004 51.2
254 50.300000000000004 51.25
254 50.300000000000004 51.300000000000004
254 50.300000000000004 51.35
254 50.300000000000004 51.400000000000006
254 50.300000000000004 51.45
254 50.300000000000004 51.5
254 50.300000000000004 51.550000000000004
254 50.300000000000004 51.6
254 50.300000000000004 51.650000000000006
254 50.300000000000004 51.7
254 50.300000000000004 51.75
254 50.300000000000004 51.800000000000004
254 50.300000000000004 51.85
254 50.300000000000004 51.900000000000006
254 50.300000000000004 51.95
254 50.300000000000004 52.0
254 50.300000000000004 52.050000000000004
254 50.300000000000004 52.1
254 50.300000000000004 52.150000000000006
254 50.300000000000004 52.2
254 50.300000000000004 52.25
254 50.300000000000004 52.300000000000004
254 50.300000000000004 52.35
254 50.300000000000004 52.400000000000006
254 50.300000000000004 52.45
0 50.35 50.050000000000004
254 50.35 50.1
254 50.35 50.150000000000006
0 50.35 50.7
0 50.35 50.75
254 50.35 50.800000000000004
254 50.35 50.85
254 50.35 50.900000000000006
254 50.35 50.95
254 50.35 51.0
254 50.35 51.050000000000004
254 50.35 51.1
254 50.35 51.150000000000006
254 50.35 51.2
254 50.35 51.25
254 50.35 51.300000000000004
254 50.35 51.35
254 50.35 51.400000000000006
254 50.35 51.45
254 50.35 51.5
254 50.35 51.550000000000004
254 50.35 51.6
254 50.35 51.650000000000006
254 50.35 51.7
254 50.35 51.75
254 50.35 51.800000000000004
254 50.35 51.85
254 50.35 51.900000000000006
254 50.35 51.95
254 50.35 52.0
254 50.35 52.050000000000004
254 50.35 52.1
254 50.35 52.150000000000006
254 50.35 52.2
254 50.35 52.25
254 50.35 52.300000000000004
254 50.35 52.35
254 50.35 52.400000000000006
0 50.400000000000006 50.050000000000004
254 50.400000000000006 50.1
254 50.400000000000006 50.150000000000006
254 50.400000000000006 50.2
0 50.400000000000006 50.650000000000006
0 50.400000000000006 50.7
254 50.400000000000006 50.75
254 50.400000000000006 50.800000000000004
254 50.400000000000006 50.85
254 50.400000000000006 50.900000000000006
254 50.400000000000006 50.95
254 50.400000000000006 51.0
254 50.400000000000006 51.050000000000004
254 50.400000000000006 51.1
254 50.400000000000006 51.150000000000006
254 50.400000000000006 51.2
254 50.400000000000006 51.25
254 50.400000000000006 51.300000000000004
254 50.400000000000006 51.35
254 50.400000000000006 51.400000000000006
254 50.400000000000006 51.45
254 50.400000000000006 51.5
254 50.400000000000006 51.550000000000004
254 50.400000000000006 51.6
254 50.400000000000006 51.650000000000006
254 50.400000000000006 51.7
254 50.400000000000006 51.75
254 50.400000000000006 51.800000000000004
254 50.400000000000006 51.85
254 50.400000000000006 51.900000000000006
254 50.400000000000006 51.95
254 50.400000000000006 52.0
254 50.400000000000006 52.050000000000004
254 50.400000000000006 52.1
254 50.400000000000006 52.150000000000006
254 50.400000000000006 52.2
254 50.400000000000006 52.25
254 50.400000000000006 52.300000000000004
0 50.45 50.050000000000004
254 50.45 50.1
254 50.45 50.150000000000006
254 50.45 50.2
254 50.45 50.25
0 50.45 50.6
0 50.45 50.650000000000006
254 50.45 50.7
254 50.45 50.75
254 50.45 50.800000000000004
254 50.45 50.85
254 50.45 50.900000000000006
254 50.45 50.95
254 50.45 51.0
254 50.45 51.050000000000004
254 50.45 51.1
254 50.45 51.150000000000006
254 50.45 51.2
254 50.45 51.25
254 50.45 51.300000000000004
254 50.45 51.35
254 50.45 51.400000000000006
254 50.45 51.45
254 50.45 51.5
254 50.45 51.550000000000004
254 50.45 51.6
254 50.45 51.650000000000006
254 50.45 51.7
254 50.45 51.75
254 50.45 51.800000000000004
254 50.45 51.85
254 50.45 51.900000000000006
254 50.45 51.95
254 50.45 52.0
254 50.45 52.050000000000004
254 50.45 52.1
254 50.45 52.150000000000006
254 50.45 52.2
254 50.45 52.25
0 50.5 50.050000000000004
254 50.5 50.1
254 50.5 50.150000000000006
254 50.5 50.2
254 50.5 50.25
254 50.5 50.300000000000004
254 50.5 50.35
0 50.5 50.650000000000006
254 50.5 50.7
254 50.5 50.75
254 50.5 50.800000000000004
254 50.5 50.85
254 50.5 50.900000000000006
254 50.5 50.95
254 50.5 51.0
254 50.5 51.050000000000004
254 50.5 51.1
254 50.5 51.150000000000006
254 50.5 51.2
254 50.5 51.25
254 50.5 51.300000000000004
254 50.5 51.35
254 50.5 51.400000000000006
254 50.5 51.45
254 50.5 51.5
254 50.5 51.550000000000004
254 50.5 51.6
254 50.5 51.650000000000006
254 50.5 51.7
254 50.5 51.75
254 50.5 51.800000000000004
254 50.5 51.85
254 50.5 51.900000000000006
254 50.5 51.95
254 50.5 52.0
254 50.5 52.050000000000004
254 50.5 52.1
254 50.5 52.150000000000006
0 50.550000000000004 50.050000000000004
0 50.550000000000004 50.1
254 50.550000000000004 50.150000000000006
254 50.550000000000004 50.2
254 50.550000000000004 50.25
254 50.550000000000004 50.300000000000004
254 50.550000000000004 50.35
0 50.550000000000004 50.400000000000006
0 50.550000000000004 50.45
0 50.550000000000004 50.5
0 50.550000000000004 50.550000000000004
0 50.550000000000004 50.6
0 50.550000000000004 50.650000000000006
254 50.550000000000004 50.7
254 50.550000000000004 50.75
254 50.550000000000004 50.800000000000004
254 50.550000000000004 50.85
254 50.550000000000004 50.900000000000006
254 50.550000000000004 50.95
254 50.550000000000004 51.0
254 50.550000000000004 51.050000000000004
254 50.550000000000004 51.1
254 50.550000000000004 51.150000000000006
254 50.550000000000004 51.2
254 50.550000000000004 51.25
254 50.550000000000004 51.300000000000004
254 50.550000000000004 51.35
254 50.550000000000004 51.400000000000006
254 50.550000000000004 51.45
254 50.550000000000004 51.5
254 50.550000000000004 51.550000000000004
254 50.550000000000004 51.6
254 50.550000000000004 51.650000000000006
254 50.550000000000004 51.7
254 50.550000000000004 51.75
254 50.550000000000004 51.800000000000004
254 50.550000000000004 51.85
254 50.550000000000004 51.900000000000006
254 50.550000000000004 51.95
254 50.550000000000004 52.0
254 50.550000000000004 52.050000000000004
254 50.550000000000004 52.1
254 50.550000000000004 53.2
0 50.550000000000004 53.25
0 50.6 50.1
254 50.6 50.150000000000006
254 50.6 50.2
254 50.6 50.25
254 50.6 50.300000000000004
254 50.6 50.35
254 50.6 50.400000000000006
254 50.6 50.45
254 50.6 50.5
254 50.6 50.550000000000004
254 50.6 50.6
254 50.6 50.650000000000006
254 50.6 50.7
254 50.6 50.75
254 50.6 50.800000000000004
254 50.6 50.85
254 50.6 50.900000000000006
254 50.6 50.95
254 50.6 51.0
254 50.6 51.050000000000004
254 50.6 51.1
254 50.6 51.150000000000006
254 50.6 51.2
254 50.6 51.25
254 50.6 51.300000000000004
254 50.6 51.35
254 50.6 51.400000000000006
254 50.6 51.45
254 50.6 51.5
254 50.6 51.550000000000004
254 50.6 51.6
254 50.6 51.650000000000006
254 50.6 51.7
254 50.6 51.75
254 50.6 51.800000000000004
254 50.6 51.85
254 50.6 51.900000000000006
254 50.6 51.95
254 50.6 52.0
254 50.6 53.0
254 50.6 53.050000000000004
254 50.6 53.1
254 50.6 53.150000000000006
254 50.6 53.2
0 50.6 53.25
0 50.6 53.300000000000004
0 50.650000000000006 50.1
254 50.650000000000006 50.150000000000006
254 50.650000000000006 50.2
254 50.650000000000006 50.25
254 50.650000000000006 50.300000000000004
254 50.650000000000006 50.35
254 50.650000000000006 50.400000000000006
254 50.650000000000006 50.45
254 50.650000000000006 50.5
254 50.650000000000006 50.550000000000004
254 50.650000000000006 50.6
254 50.650000000000006 50.650000000000006
254 50.650000000000006 50.7
254 50.650000000000006 50.75
254 50.650000000000006 50.800000000000004
254 50.650000000000006 50.85
254 50.650000000000006 50.900000000000006
254 50.650000000000006 50.95
254 50.650000000000006 51.0
254 50.650000000000006 51.050000000000004
254 50.650000000000006 51.1
254 50.650000000000006 51.150000000000006
254 50.650000000000006 51.2
254 50.650000000000006 51.25
254 50.650000000000006 51.300000000000004
254 50.650000000000006 51.35
254 50.650000000000006 51.400000000000006
254 50.650000000000006 51.45
254 50.650000000000006 51.5
254 50.650000000000006 51.550000000000004
254 50.650000000000006 51.6
254 50.650000000000006 51.650000000000006
254 50.650000000000006 51.7
254 50.650000000000006 51.75
254 50.650000000000006 51.800000000000004
254 50.650000000000006 51.85
254 50.650000000000006 51.900000000000006
254 50.650000000000006 51.95
254 50.650000000000006 52.85
254 50.650000000000006 52.900000000000006
254 50.650000000000006 52.95
254 50.650000000000006 53.0
254 50.650000000000006 53.050000000000004
254 50.650000000000006 53.1
254 50.650000000000006 53.150000000000006
254 50.650000000000006 53.2
254 50.650000000000006 53.25
0 50.650000000000006 53.300000000000004
0 50.7 50.1
254 50.7 50.150000000000006
254 50.7 50.2
254 50.7 50.25
254 50.7 50.300000000000004
254 50.7 50.35
254 50.7 50.400000000000006
254 50.7 50.45
254 50.7 50.5
254 50.7 50.550000000000004
254 50.7 50.6
254 50.7 50.650000000000006
254 50.7 50.7
254 50.7 50.75
254 50.7 50.800000000000004
254 50.7 50.85
254 50.7 50.900000000000006
254 50.7 50.95
254 50.7 51.0
254 50.7 51.050000000000004
254 50.7 51.1
254 50.7 51.150000000000006
254 50.7 51.2
254 50.7 51.25
254 50.7 51.300000000000004
254 50.7 51.35
254 50.7 51.400000000000006
254 50.7 51.45
254 50.7 51.5
254 50.7 51.550000000000004
254 50.7 51.6
254 50.7 51.650000000000006
254 50.7 51.7
254 50.7 51.75
254 50.7 51.800000000000004
254 50.7 51.85
254 50.7 52.7
254 50.7 52.75
254 50.7 52.800000000000004
254 50.7 52.85
254 50.7 52.900000000000006
254 50.7 52.95
254 50.7 53.0
254 50.7 53.050000000000004
254 50.7 53.1
254 50.7 53.150000000000006
0 50.75 50.1
0 50.75 50.150000000000006
254 50.75 50.2
254 50.75 50.25
254 50.75 50.300000000000004
254 50.75 50.35
254 50.75 50.400000000000006
254 50.75 50.45
254 50.75 50.5
254 50.75 50.550000000000004
254 50.75 50.6
254 50.75 50.650000000000006
254 50.75 50.7
254 50.75 50.75
254 50.75 50.800000000000004
254 50.75 50.85
254 50.75 50.900000000000006
254 50.75 50.95
254 50.75 51.0
254 50.75 51.050000000000004
254 50.75 51.1
254 50.75 51.150000000000006
254 50.75 51.2
254 50.75 51.25
254 50.75 51.300000000000004
254 50.75 51.35
254 50.75 51.400000000000006
254 50.75 51.45
254 50.75 51.5
254 50.75 51.550000000000004
254 50.75 51.6
254 50.75 51.650000000000006
254 50.75 51.7
254 50.75 51.75
254 50.75 51.800000000000004
254 50.75 52.5
254 50.75 52.550000000000004
254 50.75 52.6
254 50.75 52.650000000000006
254 50.75 52.7
254 50.75 52.75
254 50.75 52.800000000000004
254 50.75 52.85
254 50.75 52.900000000000006
254 50.75 52.95
254 50.800000000000004 50.2
0 50.800000000000004 50.25
254 50.800000000000004 50.300000000000004
254 50.800000000000004 50.35
254 50.800000000000004 50.400000000000006
254 50.800000000000004 50.45
254 50.800000000000004 50.5
254 50.800000000000004 50.550000000000004
254 50.800000000000004 50.6
254 50.800000000000004 50.650000000000006
254 50.800000000000004 50.7
254 50.800000000000004 50.75
254 50.800000000000004 50.800000000000004
254 50.800000000000004 50.85
254 50.800000000000004 50.900000000000006
254 50.800000000000004 50.95
254 50.800000000000004 51.0
254 50.800000000000004 51.050000000000004
254 50.800000000000004 51.1
254 50.800000000000004 51.150000000000006
254 50.800000000000004 51.2
254 50.800000000000004 51.25
254 50.800000000000004 51.300000000000004
254 50.800000000000004 51.35
254 50.800000000000004 51.400000000000006
254 50.800000000000004 51.45
254 50.800000000000004 51.5
254 50.800000000000004 51.550000000000004
254 50.800000000000004 51.6
254 50.800000000000004 51.650000000000006
254 50.800000000000004 51.7
254 50.800000000000004 52.35
254 50.800000000000004 52.400000000000006
254 50.800000000000004 52.45
254 50.800000000000004 52.5
254 50.800000000000004 52.550000000000004
254 50.800000000000004 52.6
254 50.800000000000004 52.650000000000006
254 50.800000000000004 52.7
254 50.800000000000004 52.75
0 50.85 50.25
254 50.85 50.300000000000004
254 50.85 50.35
254 50.85 50.400000000000006
254 50.85 50.45
254 50.85 50.5
254 50.85 50.550000000000004
254 50.85 50.6
254 50.85 50.650000000000006
254 50.85 50.7
254 50.85 50.75
254 50.85 50.800000000000004
254 50.85 50.85
254 50.85 50.900000000000006
254 50.85 50.95
254 50.85 51.0
254 50.85 51.050000000000004
254 50.85 51.1
254 50.85 51.150000000000006
254 50.85 51.2
254 50.85 51.25
254 50.85 51.300000000000004
254 50.85 51.35
254 50.85 51.400000000000006
254 50.85 51.45
254 50.85 51.5
254 50.85 51.550000000000004
254 50.85 51.6
254 50.85 51.650000000000006
254 50.85 52.150000000000006
254 50.85 52.2
254 50.85 52.25
254 50.85 52.300000000000004
254 50.85 52.35
254 50.85 52.400000000000006
254 50.85 52.45
254 50.85 52.5
254 50.85 52.550000000000004
254 50.900000000000006 50.35
254 50.900000000000006 50.400000000000006
254 50.900000000000006 50.45
254 50.900000000000006 50.5
254 50.900000000000006 50.550000000000004
254 50.900000000000006 50.6
254 50.900000000000006 50.650000000000006
254 50.900000000000006 50.7
254 50.900000000000006 50.75
254 50.900000000000006 50.800000000000004
254 50.900000000000006 50.85
254 50.900000000000006 50.900000000000006
254 50.900000000000006 50.95
254 50.900000000000006 51.0
254 50.900000000000006 51.050000000000004
254 50.900000000000006 51.1
254 50.900000000000006 51.150000000000006
254 50.900000000000006 51.2
254 50.900000000000006 51.25
254 50.900000000000006 51.300000000000004
254 50.900000000000006 51.35
254 50.900000000000006 51.400000000000006
254 50.900000000000006 51.45
254 50.900000000000006 51.5
254 50.900000000000006 51.550000000000004
0 50.900000000000006 51.6
254 50.900000000000006 52.0
254 50.900000000000006 52.050000000000004
254 50.900000000000006 52.1
254 50.900000000000006 52.150000000000006
254 50.900000000000006 52.2
254 50.900000000000006 52.25
254 50.900000000000006 52.300000000000004
254 50.900000000000006 52.35
254 50.95 50.5
254 50.95 50.550000000000004
254 50.95 50.6
254 50.95 50.650000000000006
254 50.95 50.7
254 50.95 50.75
254 50.95 50.800000000000004
254 50.95 50.85
254 50.95 50.900000000000006
254 50.95 50.95
254 50.95 51.0
254 50.95 51.050000000000004
254 50.95 51.1
254 50.95 51.150000000000006
254 50.95 51.2
254 50.95 51.25
254 50.95 51.300000000000004
254 50.95 51.35
254 50.95 51.400000000000006
254 50.95 51.45
254 50.95 51.5
254 50.95 51.550000000000004
0 50.95 51.6
254 50.95 51.800000000000004
254 50.95 51.85
254 50.95 51.900000000000006
254 50.95 51.95
254 50.95 52.0
254 50.95 52.050000000000004
254 50.95 52.1
254 51.0 50.650000000000006
254 51.0 50.7
254 51.0 50.75
254 51.0 50.800000000000004
254 51.0 50.85
254 51.0 50.900000000000006
254 51.0 50.95
254 51.0 51.0
254 51.0 51.050000000000004
254 51.0 51.1
254 51.0 51.150000000000006
254 51.0 51.2
254 51.0 51.25
254 51.0 51.300000000000004
254 51.0 51.35
254 51.0 51.400000000000006
254 51.0 51.45
254 51.0 51.5
254 51.0 51.550000000000004
0 51.0 51.6
0 51.0 51.650000000000006
0 51.0 51.7
254 51.0 51.75
254 51.0 51.800000000000004
254 51.0 51.85
254 51.0 51.900000000000006
0 51.050000000000004 50.400000000000006
254 51.050000000000004 50.45
254 51.050000000000004 50.5
254 51.050000000000004 50.550000000000004
254 51.050000000000004 50.6
254 51.050000000000004 50.85
254 51.050000000000004 50.900000000000006
254 51.050000000000004 50.95
254 51.050000000000004 51.0
254 51.050000000000004 51.050000000000004
254 51.050000000000004 51.1
254 51.050000000000004 51.150000000000006
254 51.050000000000004 51.2
254 51.050000000000004 51.25
254 51.050000000000004 51.300000000000004
254 51.050000000000004 51.35
254 51.050000000000004 51.400000000000006
254 51.050000000000004 51.45
254 51.050000000000004 51.5
254 51.050000000000004 51.550000000000004
254 51.050000000000004 51.6
254 51.050000000000004 51.650000000000006
254 51.050000000000004 51.7
0 51.1 50.35
0 51.1 50.400000000000006
254 51.1 50.45
254 51.1 50.5
254 51.1 50.550000000000004
254 51.1 50.6
254 51.1 50.650000000000006
254 51.1 50.7
254 51.1 50.75
254 51.1 50.800000000000004
254 51.1 50.85
254 51.1 50.900000000000006
254 51.1 50.95
254 51.1 51.0
254 51.1 51.050000000000004
254 51.1 51.1
254 51.1 51.150000000000006
254 51.1 51.2
254 51.1 51.25
254 51.1 51.300000000000004
254 51.1 51.35
254 51.1 51.400000000000006
254 51.1 51.45
254 51.1 51.5
0 51.150000000000006 50.300000000000004
0 51.150000000000006 50.35
0 51.150000000000006 50.400000000000006
254 51.150000000000006 50.45
254 51.150000000000006 50.5
254 51.150000000000006 50.550000000000004
254 51.150000000000006 50.6
254 51.150000000000006 50.650000000000006
254 51.150000000000006 50.7
254 51.150000000000006 50.75
254 51.150000000000006 50.800000000000004
254 51.150000000000006 50.85
254 51.150000000000006 50.900000000000006
254 51.150000000000006 50.95
254 51.150000000000006 51.0
254 51.150000000000006 51.050000000000004
254 51.150000000000006 51.1
254 51.150000000000006 51.150000000000006
254 51.150000000000006 51.2
254 51.150000000000006 51.25
254 51.150000000000006 51.300000000000004
0 51.2 50.35
0 51.2 50.400000000000006
254 51.2 50.45
254 51.2 50.5
254 51.2 50.550000000000004
254 51.2 50.6
254 51.2 50.650000000000006
254 51.2 50.7
254 51.2 50.75
254 51.2 50.800000000000004
254 51.2 50.85
254 51.2 50.900000000000006
254 51.2 50.95
254 51.2 51.0
254 51.2 51.050000000000004
0 51.25 50.45
254 51.25 50.5
254 51.25 50.550000000000004
254 51.25 50.6
254 51.25 50.650000000000006
254 51.25 50.7
254 51.25 50.75
254 51.25 50.800000000000004
0 51.300000000000004 50.45
254 51.300000000000004 50.5
254 51.300000000000004 50.550000000000004
